637.15
626.69
304.56
484.88
681.34
347.72
582.54
951
437.01
317.41
727.2
180.94
811.35
437.01
434.57
730.48
885.5
717.6
740.57
16.28
763.33
693.37
502.08
412.46
681.34
842.97
766.64
719.93
362.7
437.01
481.32
878.93
20.46
504.54
496.54
470.43
431.72
831.53
741.55
211.72
597.14
514.96
151.25
352.7
243.69
421.79
531.47
298.95
74.38
623.99
512.21
468.18
94.74
437.01
951.24
752.67
505.01
442.82
475.17
342.11
573.15
71.04
559.99
637.5
393.62
837.95
457.56
340.86
616.08
270.77
619.76
135.4
239.6
220.49
480.62
468.3
880.43
504.18
437.01
681.34
291.07
607.09
793.41
357.04
647.76
810.99
621.23
590.5
704.09
650.05
458.35
534.2
510.49
822.16
884.81
556.44
843.02
804.52
661.26
681.34